%YAML:1.0
---
transform:
   q_x: -1.2013969065850463e-02
   q_y: -2.2550225322049465e-03
   q_z: -1.2430154629243424e-03
   q_w: 9.9992451431756724e-01
   t_x: -4.3993783838443514e+00
   t_y: 6.9507945429207740e-02
   t_z: 1.1197693680531572e-01
