%YAML:1.0
---
transform:
   q_x: 1.1571592558540218e-02
   q_y: 1.6105264845998463e-03
   q_z: -7.2464232563794221e-03
   q_w: 9.9990549243420546e-01
   t_x: -4.5062202178099575e+00
   t_y: -1.4301024201319015e-01
   t_z: -1.2801621654749608e-02
